route_id,service_id,trip_id,trip_headsign,trip_short_name,direction_id,block_id,shape_id,wheelchair_accessible,bikes_allowed
17,SunHol,17801,1711,,1,8001,1,1,
17,SunHol,17802,1712,,0,8001,2,1,
17,SunHol,17805,1711,,1,8001,1,1,
17,SunHol,17806,1712,,0,8001,2,1,
17,SunHol,17809,1711,,1,8001,1,1,
17,SunHol,17810,1712,,0,8001,2,1,
17,SunHol,17813,1711,,1,8001,1,1,
17,SunHol,17814,1712,,0,8001,2,1,
17,SunHol,17817,1711,,1,8001,1,1,
17,SunHol,17818,1712,,0,8001,2,1,
17,SunHol,17821,1711,,1,8001,1,1,
17,SunHol,17822,1712,,0,8001,2,1,
17,SunHol,17825,1711,,1,8001,1,1,
17,SunHol,17828,1712,,0,8001,3,1,
17,SunHol,17803,1711,,1,8002,1,1,
17,SunHol,17804,1712,,0,8002,2,1,
17,SunHol,17807,1711,,1,8002,1,1,
17,SunHol,17808,1712,,0,8002,2,1,
17,SunHol,17811,1711,,1,8002,1,1,
17,SunHol,17812,1712,,0,8002,2,1,
17,SunHol,17815,1711,,1,8002,1,1,
17,SunHol,17816,1712,,0,8002,2,1,
17,SunHol,17819,1711,,1,8002,1,1,
17,SunHol,17820,1712,,0,8002,2,1,
17,SunHol,17823,1711,,1,8002,1,1,
17,SunHol,17826,1712,,0,8002,3,1,
17,SunHol,17829,1711,,1,8002,1,1,
17,SunHol,17830,1712,,0,8002,3,1,
22,SunHol,22800,2212,,0,8003,4,1,
22,SunHol,22803,2211,,1,8003,5,1,
22,SunHol,22804,2212,,0,8003,4,1,
22,SunHol,22807,2211,,1,8003,5,1,
22,SunHol,22808,2212,,0,8003,4,1,
22,SunHol,22811,2211,,1,8003,5,1,
22,SunHol,22812,2212,,0,8003,4,1,
22,SunHol,22815,2211,,1,8003,5,1,
22,SunHol,22816,2212,,0,8003,4,1,
22,SunHol,22819,2211,,1,8003,5,1,
22,SunHol,22820,2212,,0,8003,4,1,
22,SunHol,22823,2211,,1,8003,5,1,
22,SunHol,22824,2212,,0,8003,4,1,
22,SunHol,22801,2211,,1,8004,5,1,
22,SunHol,22802,2212,,0,8004,4,1,
22,SunHol,22805,2211,,1,8004,5,1,
22,SunHol,22806,2212,,0,8004,4,1,
22,SunHol,22809,2211,,1,8004,5,1,
22,SunHol,22810,2212,,0,8004,4,1,
22,SunHol,22813,2211,,1,8004,5,1,
22,SunHol,22814,2212,,0,8004,4,1,
22,SunHol,22817,2211,,1,8004,5,1,
22,SunHol,22818,2212,,0,8004,4,1,
22,SunHol,22821,2211,,1,8004,5,1,
22,SunHol,22822,2212,,0,8004,4,1,
49,SunHol,49802,4901,,0,8005,6,1,
57,SunHol,57802,5705,,1,8005,7,1,
57,SunHol,57801,5704,,0,8005,8,1,
49,SunHol,49805,4902,,1,8005,9,1,
49,SunHol,49810,4901,,0,8005,6,1,
57,SunHol,57810,5705,,1,8005,7,1,
57,SunHol,57809,5704,,0,8005,8,1,
49,SunHol,49813,4902,,1,8005,9,1,
49,SunHol,49818,4901,,0,8005,6,1,
57,SunHol,57818,5705,,1,8005,7,1,
57,SunHol,57817,5704,,0,8005,8,1,
49,SunHol,49821,4902,,1,8005,9,1,
49,SunHol,49826,4901,,0,8005,6,1,
49,SunHol,49801,4902,,1,8006,9,1,
49,SunHol,49806,4901,,0,8006,6,1,
57,SunHol,57806,5705,,1,8006,7,1,
57,SunHol,57805,5704,,0,8006,8,1,
49,SunHol,49809,4902,,1,8006,9,1,
49,SunHol,49814,4901,,0,8006,6,1,
57,SunHol,57814,5705,,1,8006,7,1,
57,SunHol,57813,5704,,0,8006,8,1,
49,SunHol,49817,4902,,1,8006,9,1,
49,SunHol,49822,4901,,0,8006,6,1,
49,SunHol,49804,4901,,0,8007,6,1,
57,SunHol,57804,5705,,1,8007,7,1,
57,SunHol,57803,5704,,0,8007,8,1,
49,SunHol,49807,4902,,1,8007,9,1,
49,SunHol,49812,4901,,0,8007,6,1,
57,SunHol,57812,5705,,1,8007,7,1,
57,SunHol,57811,5704,,0,8007,8,1,
49,SunHol,49815,4902,,1,8007,9,1,
49,SunHol,49820,4901,,0,8007,6,1,
57,SunHol,57820,5705,,1,8007,7,1,
57,SunHol,57819,5704,,0,8007,8,1,
49,SunHol,49823,4902,,1,8007,9,1,
49,SunHol,49828,4901,,0,8007,6,1,
49,SunHol,49829,4902,,1,8007,9,1,
49,SunHol,49803,4902,,1,8008,9,1,
49,SunHol,49808,4901,,0,8008,6,1,
57,SunHol,57808,5705,,1,8008,7,1,
57,SunHol,57807,5704,,0,8008,8,1,
49,SunHol,49811,4902,,1,8008,9,1,
49,SunHol,49816,4901,,0,8008,6,1,
57,SunHol,57816,5705,,1,8008,7,1,
57,SunHol,57815,5704,,0,8008,8,1,
219,SunHol,219801,2191,,0,8009,10,1,
219,SunHol,219802,2192,,1,8009,11,1,
219,SunHol,219803,2191,,0,8009,10,1,
219,SunHol,219804,2192,,1,8009,11,1,
219,SunHol,219805,2191,,0,8009,10,1,
219,SunHol,219806,2192,,1,8009,11,1,
219,SunHol,219807,2191,,0,8009,10,1,
219,SunHol,219808,2192,,1,8009,11,1,
219,SunHol,219809,2191,,0,8009,10,1,
219,SunHol,219810,2192,,1,8009,11,1,
219,SunHol,219811,2191,,0,8009,10,1,
219,SunHol,219812,2192,,1,8009,11,1,
219,SunHol,219813,2191,,0,8009,10,1,
219,SunHol,219814,2192,,1,8009,11,1,
219,SunHol,219815,2191,,0,8009,10,1,
219,SunHol,219816,2192,,1,8009,11,1,
219,SunHol,219817,2191,,0,8009,10,1,
219,SunHol,219818,2192,,1,8009,11,1,
219,SunHol,219819,2191,,0,8009,10,1,
219,SunHol,219820,2192,,1,8009,11,1,
219,SunHol,219821,2191,,0,8009,10,1,
219,SunHol,219822,2192,,1,8009,11,1,
219,SunHol,219823,2191,,0,8009,10,1,
219,SunHol,219824,2192,,1,8009,11,1,
219,SunHol,219825,2191,,0,8009,10,1,
219,SunHol,219826,2192,,1,8009,11,1,
219,SunHol,219827,2191,,0,8009,10,1,
219,SunHol,219828,2192,,1,8009,11,1,
219,SunHol,219829,2191,,0,8009,10,1,
219,SunHol,219830,2192,,1,8009,11,1,
219,SunHol,219831,2191,,0,8009,10,1,
219,SunHol,219832,2192,,1,8009,11,1,
219,SunHol,219833,2191,,0,8009,10,1,
219,SunHol,219834,2192,,1,8009,11,1,
228,SunHol,228802,2282,,0,8010,12,1,
228,SunHol,228803,2281,,1,8010,13,1,
228,SunHol,228806,2282,,0,8010,12,1,
228,SunHol,228807,2281,,1,8010,13,1,
228,SunHol,228810,2282,,0,8010,12,1,
228,SunHol,228811,2281,,1,8010,13,1,
228,SunHol,228814,2282,,0,8010,12,1,
228,SunHol,228815,2281,,1,8010,13,1,
228,SunHol,228818,2282,,0,8010,12,1,
228,SunHol,228819,2281,,1,8010,13,1,
228,SunHol,228822,2282,,0,8010,12,1,
228,SunHol,228823,2281,,1,8010,13,1,
228,SunHol,228826,2282,,0,8010,12,1,
228,SunHol,228804,2282,,0,8011,12,1,
228,SunHol,228805,2281,,1,8011,13,1,
228,SunHol,228808,2282,,0,8011,12,1,
228,SunHol,228809,2281,,1,8011,13,1,
228,SunHol,228812,2282,,0,8011,12,1,
228,SunHol,228813,2281,,1,8011,13,1,
228,SunHol,228816,2282,,0,8011,12,1,
228,SunHol,228817,2281,,1,8011,13,1,
228,SunHol,228820,2282,,0,8011,12,1,
228,SunHol,228821,2281,,1,8011,13,1,
228,SunHol,228824,2282,,0,8011,12,1,
228,SunHol,228825,2281,,1,8011,13,1,
233,SunHol,233819,2332,,1,8012,14,1,
245,SunHol,245802,2451,,0,8012,15,1,
245,SunHol,245803,2452,,1,8012,16,1,
233,SunHol,233804,2331,,0,8012,17,1,
233,SunHol,233803,2332,,1,8012,14,1,
245,SunHol,245806,2451,,0,8012,15,1,
245,SunHol,245807,2452,,1,8012,16,1,
233,SunHol,233808,2331,,0,8012,17,1,
233,SunHol,233807,2332,,1,8012,14,1,
245,SunHol,245810,2451,,0,8012,15,1,
245,SunHol,245811,2452,,1,8012,16,1,
233,SunHol,233810,2331,,0,8012,17,1,
233,SunHol,233809,2332,,1,8012,14,1,
245,SunHol,245814,2451,,0,8012,15,1,
245,SunHol,245815,2452,,1,8012,16,1,
233,SunHol,233814,2331,,0,8012,17,1,
233,SunHol,233813,2332,,1,8012,14,1,
245,SunHol,245818,2451,,0,8012,15,1,
245,SunHol,245819,2452,,1,8012,16,1,
233,SunHol,233818,2331,,0,8012,17,1,
233,SunHol,233817,2332,,1,8012,14,1,
245,SunHol,245822,2451,,0,8012,15,1,
245,SunHol,245823,2452,,1,8012,16,1,
245,SunHol,245800,2451,,0,8013,15,1,
245,SunHol,245801,2452,,1,8013,16,1,
233,SunHol,233802,2331,,0,8013,17,1,
233,SunHol,233801,2332,,1,8013,14,1,
245,SunHol,245804,2451,,0,8013,15,1,
245,SunHol,245805,2452,,1,8013,16,1,
233,SunHol,233806,2331,,0,8013,17,1,
233,SunHol,233805,2332,,1,8013,14,1,
245,SunHol,245808,2451,,0,8013,15,1,
245,SunHol,245809,2452,,1,8013,16,1,
245,SunHol,245812,2451,,0,8014,15,1,
245,SunHol,245813,2452,,1,8014,16,1,
233,SunHol,233812,2331,,0,8014,17,1,
233,SunHol,233811,2332,,1,8014,14,1,
245,SunHol,245816,2451,,0,8014,15,1,
245,SunHol,245817,2452,,1,8014,16,1,
233,SunHol,233816,2331,,0,8014,17,1,
233,SunHol,233815,2332,,1,8014,14,1,
245,SunHol,245820,2451,,0,8014,15,1,
245,SunHol,245821,2452,,1,8014,16,1,
61,SunHol,61802,6102,,1,8050,18,1,
61,SunHol,61801,6103,,0,8050,19,1,
61,SunHol,61806,6102,,1,8050,18,1,
61,SunHol,61805,6103,,0,8050,19,1,
61,SunHol,61808,6102,,1,8051,18,1,
61,SunHol,61807,6103,,0,8051,19,1,
61,SunHol,61814,6102,,1,8051,18,1,
61,SunHol,61813,6103,,0,8051,19,1,
61,SunHol,61804,6102,,1,8052,18,1,
61,SunHol,61803,6103,,0,8052,19,1,
61,SunHol,61810,6102,,1,8052,18,1,
61,SunHol,61809,6103,,0,8052,19,1,
61,SunHol,61812,6102,,1,8053,18,1,
61,SunHol,61811,6103,,0,8053,19,1,
17,SunHol,17824,1712,,0,8053,2,1,
17,SunHol,17827,1711,,1,8053,1,1,
68,SunHol,68801,6802,,0,8054,20,1,
68,SunHol,68804,6801,,1,8054,21,1,
68,SunHol,68805,6802,,0,8054,20,1,
68,SunHol,68808,6801,,1,8054,21,1,
68,SunHol,68802,6801,,1,8055,21,1,
68,SunHol,68803,6802,,0,8055,20,1,
68,SunHol,68806,6801,,1,8055,21,1,
68,SunHol,68807,6802,,0,8055,20,1,
68,SunHol,68810,6801,,1,8056,21,1,
68,SunHol,68809,6802,,0,8056,20,1,
68,SunHol,68814,6801,,1,8056,21,1,
68,SunHol,68813,6802,,0,8056,20,1,
68,SunHol,68818,6805,,1,8056,22,1,
68,SunHol,68817,6802,,0,8056,23,1,
68,SunHol,68812,6801,,1,8057,21,1,
68,SunHol,68811,6802,,0,8057,20,1,
68,SunHol,68816,6805,,1,8057,22,1,
68,SunHol,68815,6802,,0,8057,23,1,
68,SunHol,68820,6805,,1,8057,22,1,
68,SunHol,68819,6802,,0,8057,23,1,
35,SunHol,35802,3513,,0,91901,24,1,
35,SunHol,35801,3514,,1,91901,25,1,
35,SunHol,35804,3513,,0,91901,24,1,
35,SunHol,35803,3514,,1,91901,25,1,
35,SunHol,35806,3513,,0,91901,24,1,
35,SunHol,35805,3514,,1,91901,25,1,
35,SunHol,35808,3513,,0,91901,24,1,
35,SunHol,35807,3514,,1,91901,25,1,
35,SunHol,35810,3511,,0,91901,26,1,
35,SunHol,35813,3514,,1,91901,27,1,
35,SunHol,35816,3511,,0,91901,26,1,
35,SunHol,35819,3514,,1,91901,27,1,
35,SunHol,35822,3511,,0,91901,26,1,
35,SunHol,35825,3514,,1,91901,27,1,
35,SunHol,35828,3511,,0,91901,26,1,
35,SunHol,35831,3514,,1,91901,27,1,
35,SunHol,35834,3511,,0,91901,26,1,
35,SunHol,35837,3514,,1,91901,27,1,
35,SunHol,35840,3511,,0,91901,26,1,
35,SunHol,35843,3514,,1,91901,27,1,
35,SunHol,35846,3511,,0,91901,26,1,
35,SunHol,35849,3514,,1,91901,27,1,
35,SunHol,35852,3511,,0,91901,26,1,
35,SunHol,35855,3514,,1,91901,27,1,
35,SunHol,35858,3511,,0,91901,26,1,
35,SunHol,35861,3514,,1,91901,25,1,
35,SunHol,35864,3513,,0,91901,24,1,
35,SunHol,35863,3514,,1,91901,25,1,
35,SunHol,35866,3513,,0,91901,24,1,
35,SunHol,35865,3514,,1,91901,25,1,
35,SunHol,35868,3513,,0,91901,24,1,
35,SunHol,35867,3514,,1,91901,25,1,
35,SunHol,35870,3513,,0,91901,24,1,
35,SunHol,35869,3514,,1,91901,25,1,
35,SunHol,35872,3513,,0,91901,24,1,
35,SunHol,35871,3514,,1,91901,25,1,
35,SunHol,35874,3513,,0,91901,24,1,
35,SunHol,35873,3514,,1,91901,25,1,
35,SunHol,35876,3513,,0,91901,24,1,
35,SunHol,35875,3514,,1,91901,25,1,
35,SunHol,35878,3513,,0,91901,24,1,
35,SunHol,35877,3514,,1,91901,25,1,
35,SunHol,35880,3513,,0,91901,24,1,
35,SunHol,35879,3514,,1,91901,25,1,
35,SunHol,35882,3513,,0,91901,24,1,
35,SunHol,35881,3514,,1,91901,25,1,
35,SunHol,35884,3513,,0,91901,24,1,
35,SunHol,35883,3514,,1,91901,25,1,
35,SunHol,35886,3513,,0,91901,24,1,
71,SunHol,71801,7101,,1,91902,28,1,
71,SunHol,71804,7102,,0,91902,29,1,
71,SunHol,71809,7101,,1,91902,28,1,
71,SunHol,71812,7102,,0,91902,29,1,
71,SunHol,71817,7101,,1,91902,28,1,
71,SunHol,71820,7102,,0,91902,29,1,
71,SunHol,71825,7101,,1,91902,28,1,
71,SunHol,71828,7102,,0,91902,29,1,
71,SunHol,71833,7101,,1,91902,28,1,
71,SunHol,71836,7102,,0,91902,29,1,
71,SunHol,71841,7101,,1,91902,28,1,
71,SunHol,71844,7102,,0,91902,29,1,
71,SunHol,71849,7101,,1,91902,28,1,
71,SunHol,71803,7101,,1,91903,28,1,
71,SunHol,71806,7102,,0,91903,29,1,
71,SunHol,71811,7101,,1,91903,28,1,
71,SunHol,71814,7102,,0,91903,29,1,
71,SunHol,71819,7101,,1,91903,28,1,
71,SunHol,71822,7102,,0,91903,29,1,
71,SunHol,71827,7101,,1,91903,28,1,
71,SunHol,71830,7102,,0,91903,29,1,
71,SunHol,71835,7101,,1,91903,28,1,
71,SunHol,71838,7102,,0,91903,29,1,
71,SunHol,71843,7101,,1,91903,28,1,
71,SunHol,71846,7102,,0,91903,29,1,
71,SunHol,71851,7101,,1,91903,28,1,
71,SunHol,71852,7102,,0,91903,29,1,
71,SunHol,71857,7101,,1,91903,28,1,
71,SunHol,71856,7102,,0,91903,29,1,
71,SunHol,71861,7101,,1,91903,28,1,
71,SunHol,71860,7102,,0,91903,29,1,
71,SunHol,71865,7101,,1,91903,28,1,
71,SunHol,71802,7102,,0,91904,29,1,
71,SunHol,71807,7101,,1,91904,28,1,
71,SunHol,71810,7102,,0,91904,29,1,
71,SunHol,71815,7101,,1,91904,28,1,
71,SunHol,71818,7102,,0,91904,29,1,
71,SunHol,71823,7101,,1,91904,28,1,
71,SunHol,71826,7102,,0,91904,29,1,
71,SunHol,71831,7101,,1,91904,28,1,
71,SunHol,71834,7102,,0,91904,29,1,
71,SunHol,71839,7101,,1,91904,28,1,
71,SunHol,71842,7102,,0,91904,29,1,
71,SunHol,71847,7101,,1,91904,28,1,
71,SunHol,71850,7102,,0,91904,29,1,
71,SunHol,71855,7101,,1,91904,28,1,
71,SunHol,71854,7102,,0,91904,29,1,
71,SunHol,71859,7101,,1,91904,28,1,
71,SunHol,71858,7102,,0,91904,29,1,
71,SunHol,71863,7101,,1,91904,28,1,
71,SunHol,71862,7102,,0,91904,29,1,
71,SunHol,71805,7101,,1,91905,28,1,
71,SunHol,71808,7102,,0,91905,29,1,
71,SunHol,71813,7101,,1,91905,28,1,
71,SunHol,71816,7102,,0,91905,29,1,
71,SunHol,71821,7101,,1,91905,28,1,
71,SunHol,71824,7102,,0,91905,29,1,
71,SunHol,71829,7101,,1,91905,28,1,
71,SunHol,71832,7102,,0,91905,29,1,
71,SunHol,71837,7101,,1,91905,28,1,
71,SunHol,71840,7102,,0,91905,29,1,
71,SunHol,71845,7101,,1,91905,28,1,
71,SunHol,71848,7102,,0,91905,29,1,
71,SunHol,71853,7101,,1,91905,28,1,
23,SunHol,23801,2312,,0,91906,30,1,
23,SunHol,23804,2311,,1,91906,31,1,
23,SunHol,23805,2312,,0,91906,30,1,
23,SunHol,23808,2311,,1,91906,31,1,
23,SunHol,23809,2312,,0,91906,30,1,
23,SunHol,23812,2311,,1,91906,31,1,
23,SunHol,23813,2312,,0,91906,30,1,
23,SunHol,23816,2311,,1,91906,31,1,
23,SunHol,23817,2312,,0,91906,30,1,
23,SunHol,23820,2311,,1,91906,31,1,
23,SunHol,23821,2312,,0,91906,30,1,
23,SunHol,23824,2311,,1,91906,31,1,
23,SunHol,23825,2312,,0,91906,30,1,
23,SunHol,23828,2311,,1,91906,31,1,
35,SunHol,35809,3514,,1,91907,27,1,
35,SunHol,35812,3511,,0,91907,26,1,
35,SunHol,35815,3514,,1,91907,27,1,
35,SunHol,35818,3511,,0,91907,26,1,
35,SunHol,35821,3514,,1,91907,27,1,
35,SunHol,35824,3511,,0,91907,26,1,
35,SunHol,35827,3514,,1,91907,27,1,
35,SunHol,35830,3511,,0,91907,26,1,
35,SunHol,35833,3514,,1,91907,27,1,
35,SunHol,35836,3511,,0,91907,26,1,
35,SunHol,35839,3514,,1,91907,27,1,
35,SunHol,35842,3511,,0,91907,26,1,
35,SunHol,35845,3514,,1,91907,27,1,
35,SunHol,35848,3511,,0,91907,26,1,
35,SunHol,35851,3514,,1,91907,27,1,
35,SunHol,35854,3511,,0,91907,26,1,
35,SunHol,35857,3514,,1,91907,27,1,
35,SunHol,35860,3513,,0,91907,24,1,
35,SunHol,35859,3514,,1,91907,25,1,
35,SunHol,35862,3511,,0,91907,26,1,
23,SunHol,23802,2311,,1,91908,31,1,
23,SunHol,23803,2312,,0,91908,30,1,
23,SunHol,23806,2311,,1,91908,31,1,
23,SunHol,23807,2312,,0,91908,30,1,
23,SunHol,23810,2311,,1,91908,31,1,
23,SunHol,23811,2312,,0,91908,30,1,
23,SunHol,23814,2311,,1,91908,31,1,
23,SunHol,23815,2312,,0,91908,30,1,
23,SunHol,23818,2311,,1,91908,31,1,
23,SunHol,23819,2312,,0,91908,30,1,
23,SunHol,23822,2311,,1,91908,31,1,
23,SunHol,23823,2312,,0,91908,30,1,
23,SunHol,23826,2311,,1,91908,31,1,
23,SunHol,23827,2312,,0,91908,30,1,
23,SunHol,23830,2311,,1,91908,31,1,
36,SunHol,36802,3612,,0,91909,32,1,
36,SunHol,36803,3611,,1,91909,33,1,
36,SunHol,36808,3612,,0,91909,32,1,
36,SunHol,36809,3611,,1,91909,33,1,
36,SunHol,36814,3612,,0,91909,32,1,
36,SunHol,36815,3611,,1,91909,33,1,
36,SunHol,36820,3612,,0,91909,32,1,
36,SunHol,36821,3611,,1,91909,33,1,
36,SunHol,36826,3612,,0,91909,32,1,
36,SunHol,36827,3611,,1,91909,33,1,
36,SunHol,36834,3612,,0,91909,32,1,
36,SunHol,36835,3611,,1,91909,33,1,
36,SunHol,36842,3612,,0,91909,32,1,
36,SunHol,36843,3611,,1,91909,33,1,
36,SunHol,36801,3611,,1,91910,33,1,
36,SunHol,36806,3612,,0,91910,32,1,
36,SunHol,36807,3611,,1,91910,33,1,
36,SunHol,36812,3612,,0,91910,32,1,
36,SunHol,36813,3611,,1,91910,33,1,
36,SunHol,36818,3612,,0,91910,32,1,
36,SunHol,36819,3611,,1,91910,33,1,
36,SunHol,36824,3612,,0,91910,32,1,
36,SunHol,36825,3611,,1,91910,33,1,
36,SunHol,36832,3612,,0,91910,32,1,
36,SunHol,36833,3611,,1,91910,33,1,
36,SunHol,36840,3612,,0,91910,32,1,
36,SunHol,36841,3611,,1,91910,33,1,
35,SunHol,35811,3514,,1,91911,27,1,
35,SunHol,35814,3511,,0,91911,26,1,
35,SunHol,35817,3514,,1,91911,27,1,
35,SunHol,35820,3511,,0,91911,26,1,
35,SunHol,35823,3514,,1,91911,27,1,
35,SunHol,35826,3511,,0,91911,26,1,
35,SunHol,35829,3514,,1,91911,27,1,
35,SunHol,35832,3511,,0,91911,26,1,
35,SunHol,35835,3514,,1,91911,27,1,
35,SunHol,35838,3511,,0,91911,26,1,
35,SunHol,35841,3514,,1,91911,27,1,
35,SunHol,35844,3511,,0,91911,26,1,
35,SunHol,35847,3514,,1,91911,27,1,
35,SunHol,35850,3511,,0,91911,26,1,
35,SunHol,35853,3514,,1,91911,27,1,
35,SunHol,35856,3513,,0,91911,24,1,
36,SunHol,36804,3612,,0,91912,32,1,
36,SunHol,36805,3611,,1,91912,33,1,
36,SunHol,36810,3612,,0,91912,32,1,
36,SunHol,36811,3611,,1,91912,33,1,
36,SunHol,36816,3612,,0,91912,32,1,
36,SunHol,36817,3611,,1,91912,33,1,
36,SunHol,36822,3612,,0,91912,32,1,
36,SunHol,36823,3611,,1,91912,33,1,
36,SunHol,36830,3612,,0,91912,32,1,
36,SunHol,36831,3611,,1,91912,33,1,
36,SunHol,36838,3612,,0,91912,32,1,
36,SunHol,36839,3611,,1,91912,33,1,
36,SunHol,36844,3612,,0,91912,32,1,
36,SunHol,36845,3613,,1,91912,34,1,
36,SunHol,36828,3612,,0,91913,32,1,
36,SunHol,36829,3611,,1,91913,33,1,
36,SunHol,36836,3612,,0,91913,32,1,
36,SunHol,36837,3611,,1,91913,33,1,
49,SunHol,49819,4902,,1,8015,9,1,
49,SunHol,49824,4901,,0,8015,6,1,
57,SunHol,57824,5705,,1,8015,7,1,
57,SunHol,57823,5704,,0,8015,8,1,
49,SunHol,49827,4902,,1,8015,9,1,
57,SunHol,57822,5705,,1,8016,7,1,
57,SunHol,57821,5704,,0,8016,8,1,
49,SunHol,49825,4902,,1,8016,9,1,
49,SunHol,49830,4901,,0,8016,6,1,
17,Mon-Fri,17001,1711,,1,1001,1,1,
17,Mon-Fri,17002,1712,,0,1001,2,1,
17,Mon-Fri,17009,1711,,1,1001,35,1,
17,Mon-Fri,17010,1712,,0,1001,2,1,
17,Mon-Fri,17003,1711,,1,1002,1,1,
17,Mon-Fri,17004,1712,,0,1002,2,1,
17,Mon-Fri,17011,1711,,1,1002,35,1,
17,Mon-Fri,17005,1711,,1,1003,1,1,
17,Mon-Fri,17006,1712,,0,1003,36,1,
17,Mon-Fri,17013,1711,,1,1003,1,1,
17,Mon-Fri,17012,1712,,0,1003,2,1,
17,Mon-Fri,17021,1711,,1,1003,1,1,
17,Mon-Fri,17018,1712,,0,1003,2,1,
17,Mon-Fri,17027,1711,,1,1003,1,1,
17,Mon-Fri,17026,1712,,0,1003,2,1,
17,Mon-Fri,17033,1711,,1,1003,1,1,
22,Mon-Fri,22038,2212,,0,1003,4,1,
22,Mon-Fri,22045,2211,,1,1003,5,1,
22,Mon-Fri,22046,2212,,0,1003,4,1,
22,Mon-Fri,22051,2211,,1,1003,5,1,
22,Mon-Fri,22050,2212,,0,1003,4,1,
17,Mon-Fri,17007,1711,,1,1004,1,1,
17,Mon-Fri,17008,1712,,0,1004,36,1,
17,Mon-Fri,17017,1711,,1,1004,1,1,
17,Mon-Fri,17016,1712,,0,1004,2,1,
17,Mon-Fri,17025,1711,,1,1004,1,1,
17,Mon-Fri,17022,1712,,0,1004,2,1,
17,Mon-Fri,17031,1711,,1,1004,1,1,
22,Mon-Fri,22034,2212,,0,1004,4,1,
22,Mon-Fri,22041,2211,,1,1004,5,1,
22,Mon-Fri,22001,2211,,1,1005,5,1,
22,Mon-Fri,22002,2212,,0,1005,4,1,
22,Mon-Fri,22009,2211,,1,1005,5,1,
22,Mon-Fri,22010,2212,,0,1005,4,1,
22,Mon-Fri,22017,2211,,1,1005,5,1,
22,Mon-Fri,22018,2212,,0,1005,4,1,
22,Mon-Fri,22025,2211,,1,1005,5,1,
22,Mon-Fri,22026,2212,,0,1005,4,1,
22,Mon-Fri,22033,2211,,1,1005,5,1,
17,Mon-Fri,17034,1712,,0,1005,37,1,
17,Mon-Fri,17039,1711,,1,1005,1,1,
17,Mon-Fri,17042,1712,,0,1005,2,1,
22,Mon-Fri,22005,2211,,1,1006,5,1,
22,Mon-Fri,22006,2212,,0,1006,4,1,
22,Mon-Fri,22013,2211,,1,1006,5,1,
22,Mon-Fri,22014,2212,,0,1006,4,1,
22,Mon-Fri,22021,2211,,1,1006,5,1,
22,Mon-Fri,22022,2212,,0,1006,4,1,
22,Mon-Fri,22029,2211,,1,1006,5,1,
22,Mon-Fri,22030,2212,,0,1006,4,1,
22,Mon-Fri,22037,2211,,1,1006,5,1,
17,Mon-Fri,17038,1712,,0,1006,2,1,
17,Mon-Fri,17043,1711,,1,1006,1,1,
17,Mon-Fri,17044,1712,,0,1006,2,1,
17,Mon-Fri,17047,1711,,1,1006,1,1,
17,Mon-Fri,17048,1712,,0,1006,3,1,
17,Mon-Fri,17051,1711,,1,1006,1,1,
17,Mon-Fri,17052,1712,,0,1006,3,1,
22,Mon-Fri,22003,2213,,1,1007,38,1,
22,Mon-Fri,22000,2212,,0,1007,39,1,
22,Mon-Fri,22007,2213,,1,1007,38,1,
22,Mon-Fri,22004,2212,,0,1007,39,1,
22,Mon-Fri,22011,2213,,1,1007,38,1,
22,Mon-Fri,22008,2212,,0,1007,39,1,
22,Mon-Fri,22015,2213,,1,1007,38,1,
22,Mon-Fri,22012,2212,,0,1007,39,1,
22,Mon-Fri,22019,2213,,1,1007,38,1,
22,Mon-Fri,22016,2212,,0,1007,39,1,
22,Mon-Fri,22023,2213,,1,1007,38,1,
22,Mon-Fri,22020,2212,,0,1007,39,1,
22,Mon-Fri,22027,2213,,1,1007,38,1,
22,Mon-Fri,22024,2212,,0,1007,39,1,
22,Mon-Fri,22031,2213,,1,1007,38,1,
22,Mon-Fri,22028,2212,,0,1007,39,1,
22,Mon-Fri,22035,2213,,1,1007,38,1,
22,Mon-Fri,22032,2212,,0,1007,39,1,
22,Mon-Fri,22039,2213,,1,1007,38,1,
22,Mon-Fri,22036,2212,,0,1007,39,1,
22,Mon-Fri,22043,2213,,1,1007,38,1,
22,Mon-Fri,22040,2212,,0,1007,39,1,
22,Mon-Fri,22047,2213,,1,1007,38,1,
22,Mon-Fri,22044,2212,,0,1007,39,1,
17,Mon-Fri,17030,1712,,0,1008,37,1,
17,Mon-Fri,17037,1711,,1,1008,1,1,
17,Mon-Fri,17040,1712,,0,1008,2,1,
17,Mon-Fri,17045,1711,,1,1008,1,1,
17,Mon-Fri,17046,1712,,0,1008,2,1,
17,Mon-Fri,17049,1711,,1,1008,1,1,
17,Mon-Fri,17050,1712,,0,1008,3,1,
17,Mon-Fri,17032,1712,,0,1009,37,1,
22,Mon-Fri,22042,2212,,0,1009,4,1,
22,Mon-Fri,22049,2211,,1,1009,5,1,
22,Mon-Fri,22048,2212,,0,1009,4,1,
22,Mon-Fri,22053,2211,,1,1009,5,1,
22,Mon-Fri,22052,2212,,0,1009,4,1,
17,Mon-Fri,17035,1711,,1,1010,1,1,
17,Mon-Fri,17036,1712,,0,1010,37,1,
17,Mon-Fri,17041,1711,,1,1010,1,1,
49,Mon-Fri,49013,4902,,1,1012,9,1,
49,Mon-Fri,49016,4901,,0,1012,6,1,
49,Mon-Fri,49023,4902,,1,1012,9,1,
49,Mon-Fri,49026,4901,,0,1012,6,1,
49,Mon-Fri,49033,4902,,1,1012,9,1,
49,Mon-Fri,49036,4901,,0,1012,6,1,
49,Mon-Fri,49043,4902,,1,1012,9,1,
49,Mon-Fri,49046,4901,,0,1012,6,1,
49,Mon-Fri,49051,4902,,1,1012,9,1,
49,Mon-Fri,49052,4901,,0,1012,6,1,
49,Mon-Fri,49002,4901,,0,1013,6,1,
49,Mon-Fri,49007,4902,,1,1013,9,1,
49,Mon-Fri,49010,4901,,0,1013,6,1,
49,Mon-Fri,49005,4902,,1,1014,9,1,
49,Mon-Fri,49008,4901,,0,1014,6,1,
57,Mon-Fri,57001,5704,,0,1016,40,1,
49,Mon-Fri,49011,4902,,1,1016,9,1,
49,Mon-Fri,49014,4901,,0,1016,6,1,
49,Mon-Fri,49021,4902,,1,1016,9,1,
49,Mon-Fri,49024,4901,,0,1016,6,1,
57,Mon-Fri,57002,5702,,1,1017,41,1,
57,Mon-Fri,57005,5704,,0,1017,42,1,
57,Mon-Fri,57012,5702,,1,1017,43,1,
57,Mon-Fri,57011,5704,,0,1017,42,1,
57,Mon-Fri,57018,5702,,1,1017,43,1,
57,Mon-Fri,57019,5704,,0,1017,42,1,
57,Mon-Fri,57028,5702,,1,1017,43,1,
57,Mon-Fri,57029,5704,,0,1017,42,1,
57,Mon-Fri,57038,5702,,1,1017,43,1,
57,Mon-Fri,57035,5704,,0,1017,42,1,
57,Mon-Fri,57003,5704,,0,1018,44,1,
57,Mon-Fri,57010,5705,,1,1018,45,1,
57,Mon-Fri,57017,5704,,0,1019,40,1,
57,Mon-Fri,57026,5702,,1,1019,43,1,
57,Mon-Fri,57034,5705,,1,1019,45,1,
49,Mon-Fri,49047,4902,,1,1019,9,1,
57,Mon-Fri,57006,5702,,1,1020,43,1,
57,Mon-Fri,57007,5704,,0,1020,42,1,
57,Mon-Fri,57014,5702,,1,1020,43,1,
57,Mon-Fri,57013,5704,,0,1020,42,1,
57,Mon-Fri,57020,5702,,1,1020,43,1,
57,Mon-Fri,57023,5704,,0,1020,42,1,
57,Mon-Fri,57030,5703,,1,1020,46,1,
57,Mon-Fri,57036,5702,,1,1020,43,1,
57,Mon-Fri,57033,5704,,0,1020,42,1,
57,Mon-Fri,57042,5702,,1,1020,43,1,
57,Mon-Fri,57022,5705,,1,1021,45,1,
57,Mon-Fri,57044,5703,,1,1021,46,1,
57,Mon-Fri,57025,5704,,0,1021,47,1,
57,Mon-Fri,57032,5702,,1,1021,41,1,
57,Mon-Fri,57031,5704,,0,1021,42,1,
57,Mon-Fri,57040,5702,,1,1021,43,1,
57,Mon-Fri,57037,5704,,0,1021,42,1,
57,Mon-Fri,57008,5702,,1,1022,43,1,
57,Mon-Fri,57009,5704,,0,1022,42,1,
57,Mon-Fri,57016,5702,,1,1022,43,1,
57,Mon-Fri,57015,5704,,0,1022,42,1,
57,Mon-Fri,57024,5702,,1,1022,43,1,
57,Mon-Fri,57027,5704,,0,1022,42,1,
49,Mon-Fri,49044,4901,,0,1022,6,1,
219,Mon-Fri,219001,2191,,0,1023,10,1,
219,Mon-Fri,219002,2192,,1,1023,11,1,
219,Mon-Fri,219003,2191,,0,1023,10,1,
219,Mon-Fri,219004,2192,,1,1023,11,1,
219,Mon-Fri,219005,2191,,0,1023,10,1,
219,Mon-Fri,219006,2192,,1,1023,11,1,
219,Mon-Fri,219007,2191,,0,1023,10,1,
219,Mon-Fri,219008,2192,,1,1023,11,1,
219,Mon-Fri,219011,2191,,0,1023,10,1,
219,Mon-Fri,219012,2192,,1,1023,11,1,
219,Mon-Fri,219013,2191,,0,1023,10,1,
219,Mon-Fri,219014,2192,,1,1023,11,1,
219,Mon-Fri,219015,2191,,0,1023,10,1,
219,Mon-Fri,219016,2192,,1,1023,11,1,
219,Mon-Fri,219017,2191,,0,1023,10,1,
219,Mon-Fri,219018,2192,,1,1023,11,1,
219,Mon-Fri,219019,2191,,0,1023,10,1,
219,Mon-Fri,219020,2192,,1,1023,11,1,
219,Mon-Fri,219021,2191,,0,1023,10,1,
219,Mon-Fri,219022,2192,,1,1023,11,1,
219,Mon-Fri,219023,2191,,0,1023,10,1,
219,Mon-Fri,219024,2192,,1,1023,11,1,
219,Mon-Fri,219025,2191,,0,1023,10,1,
219,Mon-Fri,219026,2192,,1,1023,11,1,
219,Mon-Fri,219027,2191,,0,1023,10,1,
219,Mon-Fri,219028,2192,,1,1023,11,1,
219,Mon-Fri,219029,2191,,0,1023,10,1,
219,Mon-Fri,219030,2192,,1,1023,11,1,
219,Mon-Fri,219031,2191,,0,1023,10,1,
219,Mon-Fri,219032,2192,,1,1023,11,1,
219,Mon-Fri,219033,2191,,0,1023,10,1,
219,Mon-Fri,219034,2192,,1,1023,11,1,
219,Mon-Fri,219035,2191,,0,1023,10,1,
219,Mon-Fri,219036,2192,,1,1023,11,1,
228,Mon-Fri,228001,2281,,1,1025,13,1,
228,Mon-Fri,228004,2282,,0,1025,12,1,
228,Mon-Fri,228005,2281,,1,1025,13,1,
228,Mon-Fri,228008,2282,,0,1025,12,1,
228,Mon-Fri,228009,2281,,1,1025,13,1,
228,Mon-Fri,228012,2282,,0,1025,12,1,
228,Mon-Fri,228013,2281,,1,1025,13,1,
228,Mon-Fri,228016,2282,,0,1025,12,1,
228,Mon-Fri,228017,2281,,1,1025,13,1,
228,Mon-Fri,228020,2282,,0,1025,12,1,
228,Mon-Fri,228021,2281,,1,1025,13,1,
228,Mon-Fri,228024,2282,,0,1025,12,1,
228,Mon-Fri,228025,2281,,1,1025,13,1,
228,Mon-Fri,228028,2282,,0,1025,12,1,
228,Mon-Fri,228003,2281,,1,1026,13,1,
228,Mon-Fri,228006,2282,,0,1026,12,1,
228,Mon-Fri,228007,2281,,1,1026,13,1,
228,Mon-Fri,228010,2282,,0,1026,12,1,
228,Mon-Fri,228011,2281,,1,1026,13,1,
228,Mon-Fri,228014,2282,,0,1026,12,1,
228,Mon-Fri,228015,2281,,1,1026,13,1,
228,Mon-Fri,228018,2282,,0,1026,12,1,
228,Mon-Fri,228019,2281,,1,1026,13,1,
228,Mon-Fri,228022,2282,,0,1026,12,1,
228,Mon-Fri,228023,2281,,1,1026,13,1,
228,Mon-Fri,228026,2282,,0,1026,12,1,
228,Mon-Fri,228027,2281,,1,1026,13,1,
233,Mon-Fri,233025,2332,,1,1027,14,1,
245,Mon-Fri,245000,2451,,0,1027,15,1,
245,Mon-Fri,245001,2452,,1,1027,48,1,
233,Mon-Fri,233004,2331,,0,1027,17,1,
233,Mon-Fri,233003,2332,,1,1027,14,1,
245,Mon-Fri,245004,2451,,0,1027,15,1,
245,Mon-Fri,245005,2452,,1,1027,48,1,
233,Mon-Fri,233008,2331,,0,1027,17,1,
233,Mon-Fri,233007,2332,,1,1027,14,1,
245,Mon-Fri,245008,2451,,0,1027,15,1,
245,Mon-Fri,245009,2452,,1,1027,48,1,
233,Mon-Fri,233012,2331,,0,1027,17,1,
233,Mon-Fri,233011,2332,,1,1027,14,1,
245,Mon-Fri,245012,2451,,0,1027,15,1,
245,Mon-Fri,245013,2452,,1,1027,48,1,
233,Mon-Fri,233016,2331,,0,1027,17,1,
233,Mon-Fri,233015,2332,,1,1027,14,1,
245,Mon-Fri,245016,2451,,0,1027,15,1,
245,Mon-Fri,245017,2452,,1,1027,48,1,
233,Mon-Fri,233020,2331,,0,1027,17,1,
233,Mon-Fri,233019,2332,,1,1027,14,1,
245,Mon-Fri,245020,2451,,0,1027,15,1,
245,Mon-Fri,245021,2452,,1,1027,48,1,
233,Mon-Fri,233024,2331,,0,1027,17,1,
233,Mon-Fri,233023,2332,,1,1027,14,1,
233,Mon-Fri,233002,2331,,0,1028,17,1,
233,Mon-Fri,233001,2332,,1,1028,14,1,
245,Mon-Fri,245002,2451,,0,1028,15,1,
245,Mon-Fri,245003,2452,,1,1028,48,1,
233,Mon-Fri,233006,2331,,0,1028,17,1,
233,Mon-Fri,233005,2332,,1,1028,14,1,
245,Mon-Fri,245006,2451,,0,1028,15,1,
245,Mon-Fri,245007,2452,,1,1028,48,1,
233,Mon-Fri,233010,2331,,0,1028,17,1,
233,Mon-Fri,233009,2332,,1,1028,14,1,
245,Mon-Fri,245010,2451,,0,1028,15,1,
245,Mon-Fri,245011,2452,,1,1028,48,1,
233,Mon-Fri,233014,2331,,0,1028,17,1,
233,Mon-Fri,233013,2332,,1,1028,14,1,
245,Mon-Fri,245014,2451,,0,1028,15,1,
245,Mon-Fri,245015,2452,,1,1028,48,1,
233,Mon-Fri,233018,2331,,0,1028,17,1,
233,Mon-Fri,233017,2332,,1,1028,14,1,
245,Mon-Fri,245018,2451,,0,1028,15,1,
245,Mon-Fri,245019,2452,,1,1028,48,1,
233,Mon-Fri,233022,2331,,0,1028,17,1,
233,Mon-Fri,233021,2332,,1,1028,14,1,
245,Mon-Fri,245022,2451,,0,1028,15,1,
245,Mon-Fri,245023,2452,,1,1028,48,1,
233,Mon-Fri,233026,2331,,0,1028,17,1,
61,Mon-Fri,61001,6103,,0,1050,19,1,
61,Mon-Fri,61002,6102,,1,1050,18,1,
61,Mon-Fri,61003,6103,,0,1050,19,1,
61,Mon-Fri,61004,6102,,1,1050,18,1,
61,Mon-Fri,61008,6102,,1,1051,18,1,
61,Mon-Fri,61009,6103,,0,1051,19,1,
61,Mon-Fri,61012,6102,,1,1051,18,1,
61,Mon-Fri,61005,6103,,0,1052,19,1,
61,Mon-Fri,61006,6102,,1,1052,18,1,
61,Mon-Fri,61007,6103,,0,1052,19,1,
61,Mon-Fri,61010,6102,,1,1052,18,1,
68,Mon-Fri,68001,6802,,0,1053,49,1,
68,Mon-Fri,68004,6801,,1,1053,21,1,
68,Mon-Fri,68005,6802,,0,1053,20,1,
68,Mon-Fri,68010,6801,,1,1053,21,1,
68,Mon-Fri,68011,6802,,0,1053,20,1,
68,Mon-Fri,68014,6801,,1,1053,21,1,
68,Mon-Fri,68015,6802,,0,1053,20,1,
68,Mon-Fri,68018,6801,,1,1053,21,1,
68,Mon-Fri,68019,6802,,0,1053,20,1,
68,Mon-Fri,68002,6803,,1,1054,50,1,
68,Mon-Fri,68003,6802,,0,1054,51,1,
68,Mon-Fri,68006,6801,,1,1054,21,1,
68,Mon-Fri,68007,6802,,0,1054,20,1,
68,Mon-Fri,68012,6801,,1,1054,21,1,
68,Mon-Fri,68013,6802,,0,1055,20,1,
68,Mon-Fri,68016,6801,,1,1055,21,1,
68,Mon-Fri,68017,6802,,0,1055,20,1,
68,Mon-Fri,68020,6803,,1,1055,50,1,
68,Mon-Fri,68021,6802,,0,1055,51,1,
68,Mon-Fri,68008,6801,,1,1057,21,1,
68,Mon-Fri,68009,6802,,0,1057,20,1,
29,Mon-Fri,29003,2902,,1,1059,52,1,
17,Mon-Fri,17015,1711,,1,1059,1,1,
17,Mon-Fri,17014,1712,,0,1059,2,1,
17,Mon-Fri,17023,1711,,1,1059,1,1,
17,Mon-Fri,17024,1712,,0,1059,2,1,
29,Mon-Fri,29007,2902,,1,1059,52,1,
29,Mon-Fri,29004,2901,,0,1059,53,1,
29,Mon-Fri,29011,2902,,1,1059,52,1,
29,Mon-Fri,29001,2902,,1,1060,52,1,
29,Mon-Fri,29002,2901,,0,1060,53,1,
29,Mon-Fri,29005,2902,,1,1060,52,1,
17,Mon-Fri,17019,1711,,1,1060,1,1,
17,Mon-Fri,17020,1712,,0,1060,2,1,
17,Mon-Fri,17029,1711,,1,1060,1,1,
17,Mon-Fri,17028,1712,,0,1060,2,1,
29,Mon-Fri,29009,2902,,1,1060,52,1,
29,Mon-Fri,29006,2901,,0,1060,53,1,
49,Mon-Fri,49019,4902,,1,1015,9,1,
49,Mon-Fri,49022,4901,,0,1015,6,1,
49,Mon-Fri,49029,4902,,1,1015,9,1,
49,Mon-Fri,49032,4901,,0,1015,6,1,
49,Mon-Fri,49039,4902,,1,1015,9,1,
49,Mon-Fri,49042,4901,,0,1015,6,1,
49,Mon-Fri,49001,4902,,1,1011,9,1,
49,Mon-Fri,49004,4901,,0,1011,6,1,
49,Mon-Fri,49015,4902,,1,1011,9,1,
49,Mon-Fri,49018,4901,,0,1011,6,1,
49,Mon-Fri,49025,4902,,1,1011,9,1,
49,Mon-Fri,49028,4901,,0,1011,6,1,
35,Mon-Fri,35002,3513,,0,91201,24,1,
35,Mon-Fri,35001,3514,,1,91201,25,1,
35,Mon-Fri,35004,3513,,0,91201,24,1,
35,Mon-Fri,35003,3514,,1,91201,25,1,
35,Mon-Fri,35008,3513,,0,91201,24,1,
35,Mon-Fri,35007,3514,,1,91201,25,1,
35,Mon-Fri,35012,3511,,0,91201,54,1,
35,Mon-Fri,35017,3514,,1,91201,27,1,
35,Mon-Fri,35024,3511,,0,91201,26,1,
35,Mon-Fri,35029,3514,,1,91201,27,1,
35,Mon-Fri,35034,3511,,0,91201,26,1,
35,Mon-Fri,35035,3514,,1,91201,27,1,
35,Mon-Fri,35040,3511,,0,91201,26,1,
35,Mon-Fri,35041,3514,,1,91201,27,1,
35,Mon-Fri,35046,3511,,0,91201,26,1,
35,Mon-Fri,35047,3514,,1,91201,27,1,
35,Mon-Fri,35054,3511,,0,91201,26,1,
35,Mon-Fri,35059,3514,,1,91201,27,1,
35,Mon-Fri,35066,3511,,0,91201,26,1,
35,Mon-Fri,35071,3514,,1,91201,27,1,
35,Mon-Fri,35078,3511,,0,91201,26,1,
35,Mon-Fri,35083,3514,,1,91201,27,1,
35,Mon-Fri,35088,3511,,0,91201,26,1,
35,Mon-Fri,35089,3514,,1,91201,27,1,
35,Mon-Fri,35094,3511,,0,91201,26,1,
35,Mon-Fri,35095,3514,,1,91201,27,1,
35,Mon-Fri,35100,3513,,0,91201,24,1,
35,Mon-Fri,35097,3514,,1,91201,25,1,
35,Mon-Fri,35102,3511,,0,91201,26,1,
23,Mon-Fri,23001,2312,,0,91202,30,1,
23,Mon-Fri,23008,2311,,1,91202,31,1,
23,Mon-Fri,23009,2312,,0,91202,30,1,
71,Mon-Fri,71002,7102,,0,91204,29,1,
71,Mon-Fri,71009,7101,,1,91204,28,1,
71,Mon-Fri,71012,7102,,0,91204,29,1,
71,Mon-Fri,71017,7101,,1,91204,28,1,
71,Mon-Fri,71020,7102,,0,91204,29,1,
71,Mon-Fri,71025,7101,,1,91204,28,1,
71,Mon-Fri,71028,7102,,0,91204,29,1,
71,Mon-Fri,71033,7101,,1,91204,28,1,
36,Mon-Fri,36034,3612,,0,91204,32,1,
36,Mon-Fri,36039,3611,,1,91204,33,1,
71,Mon-Fri,71044,7102,,0,91204,29,1,
71,Mon-Fri,71049,7101,,1,91204,28,1,
36,Mon-Fri,36050,3612,,0,91204,32,1,
36,Mon-Fri,36055,3613,,1,91204,34,1,
36,Mon-Fri,36001,3613,,1,91205,34,1,
36,Mon-Fri,36002,3612,,0,91205,55,1,
36,Mon-Fri,36003,3611,,1,91205,33,1,
36,Mon-Fri,36004,3612,,0,91205,32,1,
36,Mon-Fri,36009,3611,,1,91205,33,1,
36,Mon-Fri,36010,3612,,0,91205,32,1,
36,Mon-Fri,36015,3611,,1,91205,33,1,
36,Mon-Fri,36016,3612,,0,91205,32,1,
36,Mon-Fri,36021,3611,,1,91205,33,1,
36,Mon-Fri,36022,3612,,0,91205,32,1,
36,Mon-Fri,36027,3611,,1,91205,33,1,
36,Mon-Fri,36030,3612,,0,91205,32,1,
36,Mon-Fri,36035,3611,,1,91205,33,1,
36,Mon-Fri,36038,3612,,0,91205,32,1,
36,Mon-Fri,36043,3611,,1,91205,33,1,
36,Mon-Fri,36046,3612,,0,91205,32,1,
36,Mon-Fri,36051,3611,,1,91205,33,1,
36,Mon-Fri,36052,3612,,0,91205,32,1,
36,Mon-Fri,36057,3613,,1,91205,34,1,
23,Mon-Fri,23002,2311,,1,91203,31,1,
23,Mon-Fri,23003,2312,,0,91203,30,1,
23,Mon-Fri,23010,2311,,1,91203,31,1,
23,Mon-Fri,23011,2312,,0,91203,30,1,
23,Mon-Fri,23016,2311,,1,91203,31,1,
23,Mon-Fri,23015,2312,,0,91203,30,1,
23,Mon-Fri,23020,2311,,1,91203,31,1,
23,Mon-Fri,23019,2312,,0,91203,30,1,
23,Mon-Fri,23024,2311,,1,91203,31,1,
23,Mon-Fri,23025,2312,,0,91203,30,1,
23,Mon-Fri,23032,2311,,1,91203,31,1,
23,Mon-Fri,23033,2312,,0,91203,30,1,
23,Mon-Fri,23040,2311,,1,91203,31,1,
23,Mon-Fri,23039,2312,,0,91203,30,1,
23,Mon-Fri,23044,2311,,1,91203,31,1,
23,Mon-Fri,23043,2312,,0,91203,30,1,
23,Mon-Fri,23048,2311,,1,91203,31,1,
35,Mon-Fri,35006,3513,,0,91206,24,1,
35,Mon-Fri,35005,3514,,1,91206,25,1,
35,Mon-Fri,35010,3513,,0,91206,24,1,
35,Mon-Fri,35011,3514,,1,91206,25,1,
35,Mon-Fri,35014,3513,,0,91206,24,1,
35,Mon-Fri,35015,3514,,1,91206,25,1,
35,Mon-Fri,35018,3513,,0,91206,24,1,
35,Mon-Fri,35019,3514,,1,91206,25,1,
35,Mon-Fri,35022,3513,,0,91206,24,1,
35,Mon-Fri,35023,3514,,1,91206,25,1,
35,Mon-Fri,35026,3513,,0,91206,24,1,
35,Mon-Fri,35027,3514,,1,91206,25,1,
35,Mon-Fri,35030,3513,,0,91206,24,1,
23,Mon-Fri,23004,2311,,1,91207,31,1,
23,Mon-Fri,23005,2312,,0,91207,30,1,
23,Mon-Fri,23012,2311,,1,91207,31,1,
35,Mon-Fri,35009,3514,,1,91208,27,1,
35,Mon-Fri,35016,3511,,0,91208,54,1,
35,Mon-Fri,35021,3514,,1,91208,27,1,
35,Mon-Fri,35028,3511,,0,91208,26,1,
35,Mon-Fri,35031,3514,,1,91208,27,1,
35,Mon-Fri,35036,3511,,0,91208,26,1,
35,Mon-Fri,35037,3514,,1,91208,27,1,
35,Mon-Fri,35042,3511,,0,91208,26,1,
35,Mon-Fri,35043,3514,,1,91208,27,1,
35,Mon-Fri,35048,3511,,0,91208,26,1,
35,Mon-Fri,35051,3514,,1,91208,27,1,
35,Mon-Fri,35058,3511,,0,91208,26,1,
35,Mon-Fri,35063,3514,,1,91208,56,1,
35,Mon-Fri,35070,3511,,0,91208,26,1,
35,Mon-Fri,35075,3514,,1,91208,27,1,
35,Mon-Fri,35082,3511,,0,91208,26,1,
35,Mon-Fri,35085,3514,,1,91208,27,1,
35,Mon-Fri,35090,3511,,0,91208,26,1,
36,Mon-Fri,36005,3611,,1,91209,33,1,
36,Mon-Fri,36006,3612,,0,91209,32,1,
36,Mon-Fri,36011,3611,,1,91209,33,1,
36,Mon-Fri,36012,3612,,0,91209,32,1,
36,Mon-Fri,36017,3611,,1,91209,33,1,
36,Mon-Fri,36018,3612,,0,91209,32,1,
36,Mon-Fri,36023,3611,,1,91209,33,1,
36,Mon-Fri,36024,3612,,0,91209,32,1,
36,Mon-Fri,36029,3611,,1,91209,33,1,
36,Mon-Fri,36032,3612,,0,91209,32,1,
36,Mon-Fri,36037,3611,,1,91209,33,1,
36,Mon-Fri,36040,3612,,0,91209,32,1,
36,Mon-Fri,36045,3611,,1,91209,33,1,
36,Mon-Fri,36048,3612,,0,91209,32,1,
36,Mon-Fri,36053,3613,,1,91209,34,1,
23,Mon-Fri,23006,2311,,1,91210,31,1,
23,Mon-Fri,23007,2312,,0,91210,30,1,
23,Mon-Fri,23014,2311,,1,91210,31,1,
23,Mon-Fri,23013,2312,,0,91210,30,1,
23,Mon-Fri,23018,2311,,1,91210,31,1,
23,Mon-Fri,23017,2312,,0,91210,30,1,
23,Mon-Fri,23022,2311,,1,91210,31,1,
23,Mon-Fri,23021,2312,,0,91210,30,1,
23,Mon-Fri,23028,2311,,1,91210,31,1,
23,Mon-Fri,23029,2312,,0,91210,30,1,
23,Mon-Fri,23036,2311,,1,91210,31,1,
23,Mon-Fri,23037,2312,,0,91210,30,1,
23,Mon-Fri,23042,2311,,1,91210,31,1,
23,Mon-Fri,23041,2312,,0,91210,30,1,
23,Mon-Fri,23046,2311,,1,91210,31,1,
35,Mon-Fri,35013,3514,,1,91211,27,1,
35,Mon-Fri,35020,3511,,0,91211,54,1,
35,Mon-Fri,35025,3514,,1,91211,27,1,
35,Mon-Fri,35032,3511,,0,91211,26,1,
35,Mon-Fri,35033,3514,,1,91211,27,1,
35,Mon-Fri,35038,3511,,0,91211,26,1,
35,Mon-Fri,35039,3514,,1,91211,27,1,
35,Mon-Fri,35044,3511,,0,91211,26,1,
35,Mon-Fri,35045,3514,,1,91211,27,1,
35,Mon-Fri,35050,3511,,0,91211,26,1,
35,Mon-Fri,35055,3514,,1,91211,27,1,
35,Mon-Fri,35062,3511,,0,91211,26,1,
35,Mon-Fri,35067,3514,,1,91211,56,1,
35,Mon-Fri,35074,3511,,0,91211,26,1,
35,Mon-Fri,35079,3514,,1,91211,27,1,
35,Mon-Fri,35086,3511,,0,91211,26,1,
35,Mon-Fri,35087,3514,,1,91211,27,1,
35,Mon-Fri,35092,3513,,0,91211,24,1,
35,Mon-Fri,35091,3514,,1,91211,25,1,
35,Mon-Fri,35096,3513,,0,91211,24,1,
35,Mon-Fri,35093,3514,,1,91211,25,1,
35,Mon-Fri,35098,3511,,0,91211,26,1,
35,Mon-Fri,35099,3514,,1,91211,27,1,
35,Mon-Fri,35104,3513,,0,91211,24,1,
35,Mon-Fri,35101,3514,,1,91211,25,1,
35,Mon-Fri,35106,3513,,0,91211,24,1,
35,Mon-Fri,35103,3514,,1,91211,25,1,
35,Mon-Fri,35108,3513,,0,91211,24,1,
35,Mon-Fri,35105,3514,,1,91211,25,1,
35,Mon-Fri,35110,3513,,0,91211,24,1,
35,Mon-Fri,35107,3514,,1,91211,25,1,
35,Mon-Fri,35112,3513,,0,91211,24,1,
35,Mon-Fri,35109,3514,,1,91211,25,1,
35,Mon-Fri,35114,3513,,0,91211,24,1,
35,Mon-Fri,35111,3514,,1,91211,25,1,
35,Mon-Fri,35116,3513,,0,91211,24,1,
35,Mon-Fri,35113,3514,,1,91211,25,1,
35,Mon-Fri,35118,3513,,0,91211,24,1,
36,Mon-Fri,36007,3611,,1,91212,33,1,
36,Mon-Fri,36008,3612,,0,91212,32,1,
36,Mon-Fri,36013,3611,,1,91212,33,1,
36,Mon-Fri,36014,3612,,0,91212,32,1,
36,Mon-Fri,36019,3611,,1,91212,33,1,
36,Mon-Fri,36020,3612,,0,91212,32,1,
36,Mon-Fri,36025,3611,,1,91212,33,1,
36,Mon-Fri,36028,3612,,0,91212,32,1,
36,Mon-Fri,36033,3611,,1,91212,33,1,
71,Mon-Fri,71038,7102,,0,91212,29,1,
71,Mon-Fri,71043,7101,,1,91212,28,1,
36,Mon-Fri,36044,3612,,0,91212,32,1,
36,Mon-Fri,36049,3611,,1,91212,33,1,
36,Mon-Fri,36026,3612,,0,91213,32,1,
36,Mon-Fri,36031,3611,,1,91213,33,1,
71,Mon-Fri,71036,7102,,0,91213,29,1,
71,Mon-Fri,71041,7101,,1,91213,28,1,
36,Mon-Fri,36042,3612,,0,91213,32,1,
36,Mon-Fri,36047,3611,,1,91213,33,1,
71,Mon-Fri,71052,7102,,0,91213,29,1,
35,Mon-Fri,35049,3514,,1,91214,25,1,
35,Mon-Fri,35052,3513,,0,91214,24,1,
35,Mon-Fri,35053,3514,,1,91214,25,1,
35,Mon-Fri,35056,3513,,0,91214,24,1,
35,Mon-Fri,35057,3514,,1,91214,25,1,
35,Mon-Fri,35060,3513,,0,91214,24,1,
35,Mon-Fri,35061,3514,,1,91214,25,1,
35,Mon-Fri,35064,3513,,0,91214,24,1,
35,Mon-Fri,35065,3514,,1,91214,25,1,
35,Mon-Fri,35068,3513,,0,91214,24,1,
35,Mon-Fri,35069,3514,,1,91214,25,1,
35,Mon-Fri,35072,3513,,0,91214,24,1,
35,Mon-Fri,35073,3514,,1,91214,25,1,
35,Mon-Fri,35076,3513,,0,91214,24,1,
35,Mon-Fri,35077,3514,,1,91214,25,1,
35,Mon-Fri,35080,3513,,0,91214,24,1,
35,Mon-Fri,35081,3514,,1,91214,25,1,
35,Mon-Fri,35084,3513,,0,91214,24,1,
23,Mon-Fri,23023,2312,,0,91215,30,1,
23,Mon-Fri,23030,2311,,1,91215,31,1,
23,Mon-Fri,23031,2312,,0,91215,30,1,
23,Mon-Fri,23038,2311,,1,91215,31,1,
23,Mon-Fri,23026,2311,,1,91216,31,1,
23,Mon-Fri,23027,2312,,0,91216,30,1,
23,Mon-Fri,23034,2311,,1,91216,31,1,
23,Mon-Fri,23035,2312,,0,91216,30,1,
71,Mon-Fri,71001,7101,,1,92201,28,1,
71,Mon-Fri,71004,7102,,0,92201,29,1,
71,Mon-Fri,71011,7101,,1,92201,28,1,
71,Mon-Fri,71014,7102,,0,92201,29,1,
71,Mon-Fri,71019,7101,,1,92201,28,1,
71,Mon-Fri,71022,7102,,0,92201,29,1,
71,Mon-Fri,71027,7101,,1,92201,28,1,
71,Mon-Fri,71030,7102,,0,92201,29,1,
71,Mon-Fri,71035,7101,,1,92201,28,1,
36,Mon-Fri,36036,3612,,0,92201,32,1,
36,Mon-Fri,36041,3611,,1,92201,33,1,
71,Mon-Fri,71046,7102,,0,92201,29,1,
71,Mon-Fri,71051,7101,,1,92201,28,1,
71,Mon-Fri,71054,7102,,0,92201,29,1,
71,Mon-Fri,71057,7101,,1,92201,28,1,
71,Mon-Fri,71058,7102,,0,92201,29,1,
71,Mon-Fri,71061,7101,,1,92201,28,1,
71,Mon-Fri,71062,7102,,0,92201,29,1,
71,Mon-Fri,71003,7101,,1,92202,28,1,
71,Mon-Fri,71006,7102,,0,92202,29,1,
71,Mon-Fri,71013,7101,,1,92202,28,1,
71,Mon-Fri,71016,7102,,0,92202,29,1,
71,Mon-Fri,71021,7101,,1,92202,28,1,
71,Mon-Fri,71024,7102,,0,92202,29,1,
71,Mon-Fri,71029,7101,,1,92202,28,1,
71,Mon-Fri,71032,7102,,0,92202,29,1,
71,Mon-Fri,71037,7101,,1,92202,28,1,
71,Mon-Fri,71040,7102,,0,92202,29,1,
71,Mon-Fri,71045,7101,,1,92202,28,1,
71,Mon-Fri,71048,7102,,0,92202,29,1,
71,Mon-Fri,71053,7101,,1,92202,28,1,
71,Mon-Fri,71005,7101,,1,92203,28,1,
71,Mon-Fri,71008,7102,,0,92203,29,1,
71,Mon-Fri,71015,7101,,1,92203,28,1,
71,Mon-Fri,71018,7102,,0,92203,29,1,
71,Mon-Fri,71023,7101,,1,92203,28,1,
71,Mon-Fri,71026,7102,,0,92203,29,1,
71,Mon-Fri,71031,7101,,1,92203,28,1,
71,Mon-Fri,71034,7102,,0,92203,29,1,
71,Mon-Fri,71039,7101,,1,92203,28,1,
71,Mon-Fri,71042,7102,,0,92203,29,1,
71,Mon-Fri,71047,7101,,1,92203,28,1,
71,Mon-Fri,71050,7102,,0,92203,29,1,
71,Mon-Fri,71055,7101,,1,92203,28,1,
71,Mon-Fri,71056,7102,,0,92203,29,1,
71,Mon-Fri,71059,7101,,1,92203,28,1,
71,Mon-Fri,71060,7102,,0,92203,29,1,
71,Mon-Fri,71063,7101,,1,92203,28,1,
71,Mon-Fri,71064,7102,,0,92203,29,1,
71,Mon-Fri,71007,7101,,1,92204,28,1,
71,Mon-Fri,71010,7102,,0,92204,29,1,
49,Mon-Fri,49003,4902,,1,1061,9,1,
49,Mon-Fri,49006,4901,,0,1061,6,1,
49,Mon-Fri,49017,4902,,1,1061,9,1,
49,Mon-Fri,49020,4901,,0,1061,6,1,
49,Mon-Fri,49027,4902,,1,1061,9,1,
49,Mon-Fri,49009,4902,,1,1062,9,1,
49,Mon-Fri,49012,4901,,0,1062,6,1,
219,Mon-Fri,219009,2191,,0,1032,10,1,
219,Mon-Fri,219010,2192,,1,1032,11,1,
49,Mon-Fri,49031,4902,,1,1063,9,1,
49,Mon-Fri,49034,4901,,0,1063,6,1,
49,Mon-Fri,49041,4902,,1,1063,9,1,
49,Mon-Fri,49030,4901,,0,1030,6,1,
49,Mon-Fri,49037,4902,,1,1030,9,1,
49,Mon-Fri,49040,4901,,0,1030,6,1,
49,Mon-Fri,49049,4902,,1,1030,9,1,
49,Mon-Fri,49050,4901,,0,1030,6,1,
49,Mon-Fri,49035,4902,,1,1031,9,1,
49,Mon-Fri,49038,4901,,0,1031,6,1,
49,Mon-Fri,49045,4902,,1,1031,9,1,
49,Mon-Fri,49048,4901,,0,1031,6,1,
49,Mon-Fri,49053,4902,,1,1031,9,1,
613,Monday,613102,6131,,1,1101,57,1,
613,Monday,613108,6131,,1,1101,57,,
619,Monday,619102,6191,,1,1102,58,1,
619,Monday,619108,6191,,1,1102,59,1,
619,Monday,619104,6191,,1,1103,60,1,
613,Monday,613101,6132,,0,1104,61,,
613,Monday,613103,6132,,0,1104,61,1,
619,Monday,619101,6192,,0,1105,62,1,
619,Monday,619103,6192,,0,1105,62,1,
654,Monday,654103,6541,,0,1106,63,1,
619,Monday,619105,6192,,0,1106,62,1,
625,Monday,625101,6251,,0,1107,64,1,
625,Monday,625102,6252,,1,1107,65,1,
613,Tuesday,613202,6131,,1,1201,57,1,
613,Tuesday,613208,6131,,1,1201,57,,
619,Tuesday,619202,6191,,1,1202,58,1,
619,Tuesday,619208,6191,,1,1202,59,1,
619,Tuesday,619204,6191,,1,1203,60,1,
613,Tuesday,613201,6132,,0,1204,61,,
613,Tuesday,613203,6132,,0,1204,61,1,
619,Tuesday,619201,6192,,0,1205,62,1,
619,Tuesday,619203,6192,,0,1205,62,1,
654,Tuesday,654203,6541,,0,1206,63,1,
619,Tuesday,619205,6192,,0,1206,62,1,
625,Tuesday,625201,6251,,0,1207,64,1,
625,Tuesday,625202,6252,,1,1207,65,1,
613,Wednesday,613302,6131,,1,1301,57,1,
613,Wednesday,613308,6131,,1,1301,57,,
619,Wednesday,619302,6191,,1,1302,58,1,
619,Wednesday,619308,6191,,1,1302,59,1,
619,Wednesday,619304,6191,,1,1303,60,1,
613,Wednesday,613301,6132,,0,1304,61,,
613,Wednesday,613303,6132,,0,1304,61,1,
619,Wednesday,619301,6192,,0,1305,62,1,
619,Wednesday,619303,6192,,0,1305,62,1,
654,Wednesday,654303,6541,,0,1306,63,1,
619,Wednesday,619305,6192,,0,1306,62,1,
625,Wednesday,625301,6251,,0,1307,64,1,
625,Wednesday,625302,6252,,1,1307,65,1,
613,Thursday,613402,6131,,1,1401,57,1,
613,Thursday,613408,6131,,1,1401,57,1,
619,Thursday,619402,6191,,1,1402,58,1,
619,Thursday,619408,6191,,1,1402,59,1,
619,Thursday,619404,6191,,1,1403,60,1,
613,Thursday,613401,6132,,0,1404,61,1,
613,Thursday,613403,6132,,0,1404,61,1,
619,Thursday,619401,6192,,0,1405,62,1,
619,Thursday,619403,6192,,0,1405,62,1,
654,Thursday,654403,6541,,0,1406,63,1,
619,Thursday,619405,6192,,0,1406,62,1,
625,Thursday,625401,6251,,0,1407,64,1,
625,Thursday,625402,6252,,1,1407,65,1,
613,Friday,613608,6131,,1,1601,57,,
619,Friday,619604,6191,,1,1602,60,1,
619,Friday,619602,6191,,1,1603,59,1,
613,Friday,613603,6132,,0,1604,61,1,
619,Friday,619601,6192,,0,1605,62,1,
619,Friday,619603,6192,,0,1606,62,1,
654,Friday,654603,6541,,0,1607,63,1,
625,Friday,625602,6252,,1,1608,65,1,
625,Friday,625601,6251,,0,1608,64,1,
17,Sat,17501,1711,,1,5001,1,1,
17,Sat,17502,1712,,0,5001,2,1,
17,Sat,17505,1711,,1,5001,1,1,
17,Sat,17506,1712,,0,5001,2,1,
17,Sat,17509,1711,,1,5001,1,1,
17,Sat,17510,1712,,0,5001,2,1,
17,Sat,17513,1711,,1,5001,1,1,
17,Sat,17514,1712,,0,5001,2,1,
17,Sat,17517,1711,,1,5001,1,1,
17,Sat,17518,1712,,0,5001,2,1,
17,Sat,17521,1711,,1,5001,1,1,
17,Sat,17522,1712,,0,5001,2,1,
17,Sat,17525,1711,,1,5001,1,1,
17,Sat,17528,1712,,0,5001,3,1,
17,Sat,17531,1711,,1,5001,1,1,
17,Sat,17532,1712,,0,5001,3,1,
17,Sat,17503,1711,,1,5002,1,1,
17,Sat,17504,1712,,0,5002,2,1,
17,Sat,17507,1711,,1,5002,1,1,
17,Sat,17508,1712,,0,5002,2,1,
17,Sat,17511,1711,,1,5002,1,1,
17,Sat,17512,1712,,0,5002,2,1,
17,Sat,17515,1711,,1,5002,1,1,
17,Sat,17516,1712,,0,5002,2,1,
17,Sat,17519,1711,,1,5002,1,1,
17,Sat,17520,1712,,0,5002,2,1,
17,Sat,17523,1711,,1,5002,1,1,
17,Sat,17526,1712,,0,5002,3,1,
17,Sat,17529,1711,,1,5002,1,1,
17,Sat,17530,1712,,0,5002,3,1,
22,Sat,22500,2212,,0,5003,4,1,
22,Sat,22503,2211,,1,5003,5,1,
22,Sat,22504,2212,,0,5003,4,1,
22,Sat,22507,2211,,1,5003,5,1,
22,Sat,22508,2212,,0,5003,4,1,
22,Sat,22511,2211,,1,5003,5,1,
22,Sat,22512,2212,,0,5003,4,1,
22,Sat,22515,2211,,1,5003,5,1,
22,Sat,22516,2212,,0,5003,4,1,
22,Sat,22519,2211,,1,5003,5,1,
22,Sat,22520,2212,,0,5003,4,1,
22,Sat,22523,2211,,1,5003,5,1,
22,Sat,22524,2212,,0,5003,4,1,
22,Sat,22501,2211,,1,5004,5,1,
22,Sat,22502,2212,,0,5004,4,1,
22,Sat,22505,2211,,1,5004,5,1,
22,Sat,22506,2212,,0,5004,4,1,
22,Sat,22509,2211,,1,5004,5,1,
22,Sat,22510,2212,,0,5004,4,1,
22,Sat,22513,2211,,1,5004,5,1,
22,Sat,22514,2212,,0,5004,4,1,
22,Sat,22517,2211,,1,5004,5,1,
22,Sat,22518,2212,,0,5004,4,1,
22,Sat,22521,2211,,1,5004,5,1,
22,Sat,22522,2212,,0,5004,4,1,
49,Sat,49502,4901,,0,5005,6,1,
57,Sat,57502,5705,,1,5005,7,1,
57,Sat,57501,5704,,0,5005,8,1,
49,Sat,49505,4902,,1,5005,9,1,
49,Sat,49510,4901,,0,5005,6,1,
57,Sat,57510,5705,,1,5005,7,1,
57,Sat,57509,5704,,0,5005,8,1,
49,Sat,49513,4902,,1,5005,9,1,
49,Sat,49518,4901,,0,5005,6,1,
57,Sat,57518,5705,,1,5005,7,1,
57,Sat,57517,5704,,0,5005,8,1,
49,Sat,49521,4902,,1,5005,9,1,
49,Sat,49526,4901,,0,5005,6,1,
49,Sat,49501,4902,,1,5006,9,1,
49,Sat,49506,4901,,0,5006,6,1,
57,Sat,57506,5705,,1,5006,7,1,
57,Sat,57505,5704,,0,5006,8,1,
49,Sat,49509,4902,,1,5006,9,1,
49,Sat,49514,4901,,0,5006,6,1,
57,Sat,57514,5705,,1,5006,7,1,
57,Sat,57513,5704,,0,5006,8,1,
49,Sat,49517,4902,,1,5006,9,1,
49,Sat,49522,4901,,0,5006,6,1,
49,Sat,49504,4901,,0,5007,6,1,
57,Sat,57504,5705,,1,5007,7,1,
57,Sat,57503,5704,,0,5007,8,1,
49,Sat,49507,4902,,1,5007,9,1,
49,Sat,49512,4901,,0,5007,6,1,
57,Sat,57512,5705,,1,5007,7,1,
57,Sat,57511,5704,,0,5007,8,1,
49,Sat,49515,4902,,1,5007,9,1,
49,Sat,49520,4901,,0,5007,6,1,
57,Sat,57520,5705,,1,5007,7,1,
57,Sat,57519,5704,,0,5007,8,1,
49,Sat,49523,4902,,1,5007,9,1,
49,Sat,49528,4901,,0,5007,6,1,
49,Sat,49529,4902,,1,5007,9,1,
49,Sat,49503,4902,,1,5008,9,1,
49,Sat,49508,4901,,0,5008,6,1,
57,Sat,57508,5705,,1,5008,7,1,
57,Sat,57507,5704,,0,5008,8,1,
49,Sat,49511,4902,,1,5008,9,1,
49,Sat,49516,4901,,0,5008,6,1,
57,Sat,57516,5705,,1,5008,7,1,
57,Sat,57515,5704,,0,5008,8,1,
219,Sat,219501,2191,,0,5009,10,1,
219,Sat,219502,2192,,1,5009,11,1,
219,Sat,219503,2191,,0,5009,10,1,
219,Sat,219504,2192,,1,5009,11,1,
219,Sat,219505,2191,,0,5009,10,1,
219,Sat,219506,2192,,1,5009,11,1,
219,Sat,219507,2191,,0,5009,10,1,
219,Sat,219508,2192,,1,5009,11,1,
219,Sat,219509,2191,,0,5009,10,1,
219,Sat,219510,2192,,1,5009,11,1,
219,Sat,219511,2191,,0,5009,10,1,
219,Sat,219512,2192,,1,5009,11,1,
219,Sat,219513,2191,,0,5009,10,1,
219,Sat,219514,2192,,1,5009,11,1,
219,Sat,219515,2191,,0,5009,10,1,
219,Sat,219516,2192,,1,5009,11,1,
219,Sat,219517,2191,,0,5009,10,1,
219,Sat,219518,2192,,1,5009,11,1,
219,Sat,219519,2191,,0,5009,10,1,
219,Sat,219520,2192,,1,5009,11,1,
219,Sat,219521,2191,,0,5009,10,1,
219,Sat,219522,2192,,1,5009,11,1,
219,Sat,219523,2191,,0,5009,10,1,
219,Sat,219524,2192,,1,5009,11,1,
219,Sat,219525,2191,,0,5009,10,1,
219,Sat,219526,2192,,1,5009,11,1,
219,Sat,219527,2191,,0,5009,10,1,
219,Sat,219528,2192,,1,5009,11,1,
219,Sat,219529,2191,,0,5009,10,1,
219,Sat,219530,2192,,1,5009,11,1,
219,Sat,219531,2191,,0,5009,10,1,
219,Sat,219532,2192,,1,5009,11,1,
219,Sat,219533,2191,,0,5009,10,1,
219,Sat,219534,2192,,1,5009,11,1,
228,Sat,228502,2282,,0,5010,12,1,
228,Sat,228503,2281,,1,5010,13,1,
228,Sat,228506,2282,,0,5010,12,1,
228,Sat,228507,2281,,1,5010,13,1,
228,Sat,228510,2282,,0,5010,12,1,
228,Sat,228511,2281,,1,5010,13,1,
228,Sat,228514,2282,,0,5010,12,1,
228,Sat,228515,2281,,1,5010,13,1,
228,Sat,228518,2282,,0,5010,12,1,
228,Sat,228519,2281,,1,5010,13,1,
228,Sat,228522,2282,,0,5010,12,1,
228,Sat,228523,2281,,1,5010,13,1,
228,Sat,228526,2282,,0,5010,12,1,
228,Sat,228504,2282,,0,5011,12,1,
228,Sat,228505,2281,,1,5011,13,1,
228,Sat,228508,2282,,0,5011,12,1,
228,Sat,228509,2281,,1,5011,13,1,
228,Sat,228512,2282,,0,5011,12,1,
228,Sat,228513,2281,,1,5011,13,1,
228,Sat,228516,2282,,0,5011,12,1,
228,Sat,228517,2281,,1,5011,13,1,
228,Sat,228520,2282,,0,5011,12,1,
228,Sat,228521,2281,,1,5011,13,1,
228,Sat,228524,2282,,0,5011,12,1,
228,Sat,228525,2281,,1,5011,13,1,
233,Sat,233519,2332,,1,5012,14,1,
245,Sat,245502,2451,,0,5012,15,1,
245,Sat,245503,2452,,1,5012,16,1,
233,Sat,233504,2331,,0,5012,17,1,
233,Sat,233503,2332,,1,5012,14,1,
245,Sat,245506,2451,,0,5012,15,1,
245,Sat,245507,2452,,1,5012,16,1,
233,Sat,233508,2331,,0,5012,17,1,
233,Sat,233507,2332,,1,5012,14,1,
245,Sat,245510,2451,,0,5012,15,1,
245,Sat,245511,2452,,1,5012,16,1,
233,Sat,233510,2331,,0,5012,17,1,
233,Sat,233509,2332,,1,5012,14,1,
245,Sat,245514,2451,,0,5012,15,1,
245,Sat,245515,2452,,1,5012,16,1,
233,Sat,233514,2331,,0,5012,17,1,
233,Sat,233513,2332,,1,5012,14,1,
245,Sat,245518,2451,,0,5012,15,1,
245,Sat,245519,2452,,1,5012,16,1,
233,Sat,233518,2331,,0,5012,17,1,
233,Sat,233517,2332,,1,5012,14,1,
245,Sat,245522,2451,,0,5012,15,1,
245,Sat,245523,2452,,1,5012,16,1,
245,Sat,245500,2451,,0,5013,15,1,
245,Sat,245501,2452,,1,5013,16,1,
233,Sat,233502,2331,,0,5013,17,1,
233,Sat,233501,2332,,1,5013,14,1,
245,Sat,245504,2451,,0,5013,15,1,
245,Sat,245505,2452,,1,5013,16,1,
233,Sat,233506,2331,,0,5013,17,1,
233,Sat,233505,2332,,1,5013,14,1,
245,Sat,245508,2451,,0,5013,15,1,
245,Sat,245509,2452,,1,5013,16,1,
245,Sat,245512,2451,,0,5014,15,1,
245,Sat,245513,2452,,1,5014,16,1,
233,Sat,233512,2331,,0,5014,17,1,
233,Sat,233511,2332,,1,5014,14,1,
245,Sat,245516,2451,,0,5014,15,1,
245,Sat,245517,2452,,1,5014,16,1,
233,Sat,233516,2331,,0,5014,17,1,
233,Sat,233515,2332,,1,5014,14,1,
245,Sat,245520,2451,,0,5014,15,1,
245,Sat,245521,2452,,1,5014,16,1,
61,Sat,61502,6102,,1,5050,18,1,
61,Sat,61501,6103,,0,5050,19,1,
61,Sat,61506,6102,,1,5050,18,1,
61,Sat,61505,6103,,0,5050,19,1,
61,Sat,61508,6102,,1,5051,18,1,
61,Sat,61507,6103,,0,5051,19,1,
61,Sat,61514,6102,,1,5051,18,1,
61,Sat,61513,6103,,0,5051,19,1,
61,Sat,61504,6102,,1,5052,18,1,
61,Sat,61503,6103,,0,5052,19,1,
61,Sat,61510,6102,,1,5052,18,1,
61,Sat,61509,6103,,0,5052,19,1,
61,Sat,61512,6102,,1,5053,18,1,
61,Sat,61511,6103,,0,5053,19,1,
17,Sat,17524,1712,,0,5053,2,1,
17,Sat,17527,1711,,1,5053,1,1,
68,Sat,68501,6802,,0,5054,20,1,
68,Sat,68504,6801,,1,5054,21,1,
68,Sat,68505,6802,,0,5054,20,1,
68,Sat,68508,6801,,1,5054,21,1,
68,Sat,68502,6801,,1,5055,21,1,
68,Sat,68503,6802,,0,5055,20,1,
68,Sat,68506,6801,,1,5055,21,1,
68,Sat,68507,6802,,0,5055,20,1,
68,Sat,68510,6801,,1,5056,21,1,
68,Sat,68509,6802,,0,5056,20,1,
68,Sat,68514,6801,,1,5056,21,1,
68,Sat,68513,6802,,0,5056,20,1,
68,Sat,68518,6805,,1,5056,22,1,
68,Sat,68517,6802,,0,5056,23,1,
68,Sat,68512,6801,,1,5057,21,1,
68,Sat,68511,6802,,0,5057,20,1,
68,Sat,68516,6805,,1,5057,22,1,
68,Sat,68515,6802,,0,5057,23,1,
68,Sat,68520,6805,,1,5057,22,1,
68,Sat,68519,6802,,0,5057,23,1,
35,Sat,35502,3513,,0,91601,24,1,
35,Sat,35501,3514,,1,91601,25,1,
35,Sat,35504,3513,,0,91601,24,1,
35,Sat,35503,3514,,1,91601,25,1,
35,Sat,35506,3513,,0,91601,24,1,
35,Sat,35505,3514,,1,91601,25,1,
35,Sat,35508,3513,,0,91601,24,1,
35,Sat,35507,3514,,1,91601,25,1,
35,Sat,35510,3511,,0,91601,26,1,
35,Sat,35513,3514,,1,91601,27,1,
35,Sat,35516,3511,,0,91601,26,1,
35,Sat,35519,3514,,1,91601,27,1,
35,Sat,35522,3511,,0,91601,26,1,
35,Sat,35525,3514,,1,91601,27,1,
35,Sat,35528,3511,,0,91601,26,1,
35,Sat,35531,3514,,1,91601,27,1,
35,Sat,35534,3511,,0,91601,26,1,
35,Sat,35537,3514,,1,91601,27,1,
35,Sat,35540,3511,,0,91601,26,1,
35,Sat,35543,3514,,1,91601,27,1,
35,Sat,35546,3511,,0,91601,26,1,
35,Sat,35549,3514,,1,91601,27,1,
35,Sat,35552,3511,,0,91601,26,1,
35,Sat,35555,3514,,1,91601,27,1,
35,Sat,35558,3511,,0,91601,26,1,
35,Sat,35561,3514,,1,91601,25,1,
35,Sat,35564,3513,,0,91601,24,1,
35,Sat,35563,3514,,1,91601,25,1,
35,Sat,35566,3513,,0,91601,24,1,
35,Sat,35565,3514,,1,91601,25,1,
35,Sat,35568,3513,,0,91601,24,1,
35,Sat,35567,3514,,1,91601,25,1,
35,Sat,35570,3513,,0,91601,24,1,
35,Sat,35569,3514,,1,91601,25,1,
35,Sat,35572,3513,,0,91601,24,1,
35,Sat,35571,3514,,1,91601,25,1,
35,Sat,35574,3513,,0,91601,24,1,
35,Sat,35573,3514,,1,91601,25,1,
35,Sat,35576,3513,,0,91601,24,1,
35,Sat,35575,3514,,1,91601,25,1,
35,Sat,35578,3513,,0,91601,24,1,
35,Sat,35577,3514,,1,91601,25,1,
35,Sat,35580,3513,,0,91601,24,1,
35,Sat,35579,3514,,1,91601,25,1,
35,Sat,35582,3513,,0,91601,24,1,
35,Sat,35581,3514,,1,91601,25,1,
35,Sat,35584,3513,,0,91601,24,1,
35,Sat,35583,3514,,1,91601,25,1,
35,Sat,35586,3513,,0,91601,24,1,
71,Sat,71501,7101,,1,91602,28,1,
71,Sat,71504,7102,,0,91602,29,1,
71,Sat,71509,7101,,1,91602,28,1,
71,Sat,71512,7102,,0,91602,29,1,
71,Sat,71517,7101,,1,91602,28,1,
71,Sat,71520,7102,,0,91602,29,1,
71,Sat,71525,7101,,1,91602,28,1,
71,Sat,71528,7102,,0,91602,29,1,
71,Sat,71533,7101,,1,91602,28,1,
71,Sat,71536,7102,,0,91602,29,1,
71,Sat,71541,7101,,1,91602,28,1,
71,Sat,71544,7102,,0,91602,29,1,
71,Sat,71549,7101,,1,91602,28,1,
71,Sat,71503,7101,,1,91603,28,1,
71,Sat,71506,7102,,0,91603,29,1,
71,Sat,71511,7101,,1,91603,28,1,
71,Sat,71514,7102,,0,91603,29,1,
71,Sat,71519,7101,,1,91603,28,1,
71,Sat,71522,7102,,0,91603,29,1,
71,Sat,71527,7101,,1,91603,28,1,
71,Sat,71530,7102,,0,91603,29,1,
71,Sat,71535,7101,,1,91603,28,1,
71,Sat,71538,7102,,0,91603,29,1,
71,Sat,71543,7101,,1,91603,28,1,
71,Sat,71546,7102,,0,91603,29,1,
71,Sat,71551,7101,,1,91603,28,1,
71,Sat,71552,7102,,0,91603,29,1,
71,Sat,71557,7101,,1,91603,28,1,
71,Sat,71556,7102,,0,91603,29,1,
71,Sat,71561,7101,,1,91603,28,1,
71,Sat,71560,7102,,0,91603,29,1,
71,Sat,71565,7101,,1,91603,28,1,
71,Sat,71505,7101,,1,91605,28,1,
71,Sat,71508,7102,,0,91605,29,1,
71,Sat,71513,7101,,1,91605,28,1,
71,Sat,71516,7102,,0,91605,29,1,
71,Sat,71521,7101,,1,91605,28,1,
71,Sat,71524,7102,,0,91605,29,1,
71,Sat,71529,7101,,1,91605,28,1,
71,Sat,71532,7102,,0,91605,29,1,
71,Sat,71537,7101,,1,91605,28,1,
71,Sat,71540,7102,,0,91605,29,1,
71,Sat,71545,7101,,1,91605,28,1,
71,Sat,71548,7102,,0,91605,29,1,
71,Sat,71553,7101,,1,91605,28,1,
23,Sat,23501,2312,,0,91606,30,1,
23,Sat,23504,2311,,1,91606,31,1,
23,Sat,23505,2312,,0,91606,30,1,
23,Sat,23508,2311,,1,91606,31,1,
23,Sat,23509,2312,,0,91606,30,1,
23,Sat,23512,2311,,1,91606,31,1,
23,Sat,23513,2312,,0,91606,30,1,
23,Sat,23516,2311,,1,91606,31,1,
23,Sat,23517,2312,,0,91606,30,1,
23,Sat,23520,2311,,1,91606,31,1,
23,Sat,23521,2312,,0,91606,30,1,
23,Sat,23524,2311,,1,91606,31,1,
23,Sat,23525,2312,,0,91606,30,1,
23,Sat,23528,2311,,1,91606,31,1,
35,Sat,35509,3514,,1,91607,27,1,
35,Sat,35512,3511,,0,91607,26,1,
35,Sat,35515,3514,,1,91607,27,1,
35,Sat,35518,3511,,0,91607,26,1,
35,Sat,35521,3514,,1,91607,27,1,
35,Sat,35524,3511,,0,91607,26,1,
35,Sat,35527,3514,,1,91607,27,1,
35,Sat,35530,3511,,0,91607,26,1,
35,Sat,35533,3514,,1,91607,27,1,
35,Sat,35536,3511,,0,91607,26,1,
35,Sat,35539,3514,,1,91607,27,1,
35,Sat,35542,3511,,0,91607,26,1,
35,Sat,35545,3514,,1,91607,27,1,
35,Sat,35548,3511,,0,91607,26,1,
35,Sat,35551,3514,,1,91607,27,1,
35,Sat,35554,3511,,0,91607,26,1,
35,Sat,35557,3514,,1,91607,27,1,
35,Sat,35560,3513,,0,91607,24,1,
35,Sat,35559,3514,,1,91607,25,1,
35,Sat,35562,3511,,0,91607,26,1,
23,Sat,23502,2311,,1,91608,31,1,
23,Sat,23503,2312,,0,91608,30,1,
23,Sat,23506,2311,,1,91608,31,1,
23,Sat,23507,2312,,0,91608,30,1,
23,Sat,23510,2311,,1,91608,31,1,
23,Sat,23511,2312,,0,91608,30,1,
23,Sat,23514,2311,,1,91608,31,1,
23,Sat,23515,2312,,0,91608,30,1,
23,Sat,23518,2311,,1,91608,31,1,
23,Sat,23519,2312,,0,91608,30,1,
23,Sat,23522,2311,,1,91608,31,1,
23,Sat,23523,2312,,0,91608,30,1,
23,Sat,23526,2311,,1,91608,31,1,
23,Sat,23527,2312,,0,91608,30,1,
23,Sat,23530,2311,,1,91608,31,1,
36,Sat,36502,3612,,0,91609,32,1,
36,Sat,36503,3611,,1,91609,33,1,
36,Sat,36508,3612,,0,91609,32,1,
36,Sat,36509,3611,,1,91609,33,1,
36,Sat,36514,3612,,0,91609,32,1,
36,Sat,36515,3611,,1,91609,33,1,
36,Sat,36520,3612,,0,91609,32,1,
36,Sat,36521,3611,,1,91609,33,1,
36,Sat,36526,3612,,0,91609,32,1,
36,Sat,36527,3611,,1,91609,33,1,
36,Sat,36534,3612,,0,91609,32,1,
36,Sat,36535,3611,,1,91609,33,1,
36,Sat,36542,3612,,0,91609,32,1,
36,Sat,36543,3611,,1,91609,33,1,
36,Sat,36501,3611,,1,91610,33,1,
36,Sat,36506,3612,,0,91610,32,1,
36,Sat,36507,3611,,1,91610,33,1,
36,Sat,36512,3612,,0,91610,32,1,
36,Sat,36513,3611,,1,91610,33,1,
36,Sat,36518,3612,,0,91610,32,1,
36,Sat,36519,3611,,1,91610,33,1,
36,Sat,36524,3612,,0,91610,32,1,
36,Sat,36525,3611,,1,91610,33,1,
36,Sat,36532,3612,,0,91610,32,1,
36,Sat,36533,3611,,1,91610,33,1,
36,Sat,36540,3612,,0,91610,32,1,
36,Sat,36541,3611,,1,91610,33,1,
35,Sat,35511,3514,,1,91611,27,1,
35,Sat,35514,3511,,0,91611,26,1,
35,Sat,35517,3514,,1,91611,27,1,
35,Sat,35520,3511,,0,91611,26,1,
35,Sat,35523,3514,,1,91611,27,1,
35,Sat,35526,3511,,0,91611,26,1,
35,Sat,35529,3514,,1,91611,27,1,
35,Sat,35532,3511,,0,91611,26,1,
35,Sat,35535,3514,,1,91611,27,1,
35,Sat,35538,3511,,0,91611,26,1,
35,Sat,35541,3514,,1,91611,27,1,
35,Sat,35544,3511,,0,91611,26,1,
35,Sat,35547,3514,,1,91611,27,1,
35,Sat,35550,3511,,0,91611,26,1,
35,Sat,35553,3514,,1,91611,27,1,
35,Sat,35556,3513,,0,91611,24,1,
36,Sat,36504,3612,,0,91612,32,1,
36,Sat,36505,3611,,1,91612,33,1,
36,Sat,36510,3612,,0,91612,32,1,
36,Sat,36511,3611,,1,91612,33,1,
36,Sat,36516,3612,,0,91612,32,1,
36,Sat,36517,3611,,1,91612,33,1,
36,Sat,36522,3612,,0,91612,32,1,
36,Sat,36523,3611,,1,91612,33,1,
36,Sat,36530,3612,,0,91612,32,1,
36,Sat,36531,3611,,1,91612,33,1,
36,Sat,36538,3612,,0,91612,32,1,
36,Sat,36539,3611,,1,91612,33,1,
36,Sat,36544,3612,,0,91612,32,1,
36,Sat,36545,3613,,1,91612,34,1,
36,Sat,36528,3612,,0,91613,32,1,
36,Sat,36529,3611,,1,91613,33,1,
36,Sat,36536,3612,,0,91613,32,1,
36,Sat,36537,3611,,1,91613,33,1,
71,Sat,71502,7102,,0,91604,29,1,
71,Sat,71507,7101,,1,91604,28,1,
71,Sat,71510,7102,,0,91604,29,1,
71,Sat,71515,7101,,1,91604,28,1,
71,Sat,71518,7102,,0,91604,29,1,
71,Sat,71523,7101,,1,91604,28,1,
71,Sat,71526,7102,,0,91604,29,1,
71,Sat,71531,7101,,1,91604,28,1,
71,Sat,71534,7102,,0,91604,29,1,
71,Sat,71539,7101,,1,91604,28,1,
71,Sat,71542,7102,,0,91604,29,1,
71,Sat,71547,7101,,1,91604,28,1,
71,Sat,71550,7102,,0,91604,29,1,
71,Sat,71555,7101,,1,91604,28,1,
71,Sat,71554,7102,,0,91604,29,1,
71,Sat,71559,7101,,1,91604,28,1,
71,Sat,71558,7102,,0,91604,29,1,
71,Sat,71563,7101,,1,91604,28,1,
71,Sat,71562,7102,,0,91604,29,1,
49,Sat,49519,4902,,1,5015,9,1,
49,Sat,49524,4901,,0,5015,6,1,
57,Sat,57524,5705,,1,5015,7,1,
57,Sat,57523,5704,,0,5015,8,1,
49,Sat,49527,4902,,1,5015,9,1,
57,Sat,57522,5705,,1,5016,7,1,
57,Sat,57521,5704,,0,5016,8,1,
49,Sat,49525,4902,,1,5016,9,1,
49,Sat,49530,4901,,0,5016,6,1,
